LexicalReordering0= 0.0650104
LexicalReordering0= 0.0376082
LexicalReordering0= 0.130259
LexicalReordering0= 0.0458944
LexicalReordering0= 0.0233277
LexicalReordering0= 0.0645364
Distortion0= 0.0102591
LM0= 0.101152
WordPenalty0= -0.253947
PhrasePenalty0= 0.075479
TranslationModel0= 0.0171961
TranslationModel0= 0.0767733
TranslationModel0= 0.0410657
TranslationModel0= 0.0574912
