LexicalReordering0= 0.0819482
LexicalReordering0= 0.0457642
LexicalReordering0= 0.088115
LexicalReordering0= 0.0507107
LexicalReordering0= 0.0553841
LexicalReordering0= 0.221588
Distortion0= -0.0158557
LM0= 0.0886982
WordPenalty0= -0.166663
PhrasePenalty0= 0.0233202
TranslationModel0= 0.0228109
TranslationModel0= 0.0765007
TranslationModel0= 0.04392
TranslationModel0= 0.0187207
