LexicalReordering0= 0.0755481
LexicalReordering0= 0.04219
LexicalReordering0= 0.0812333
LexicalReordering0= 0.0926451
LexicalReordering0= 0.0259846
LexicalReordering0= 0.198659
Distortion0= -0.0146174
LM0= 0.0915091
WordPenalty0= -0.153244
PhrasePenalty0= 0.0929635
TranslationModel0= 0.003132
TranslationModel0= 0.070526
TranslationModel0= 0.0404899
TranslationModel0= 0.0172586
