LexicalReordering0= 0.0693198
LexicalReordering0= 0.0767491
LexicalReordering0= 0.0721375
LexicalReordering0= 0.0883975
LexicalReordering0= 0.00616971
LexicalReordering0= 0.0823641
Distortion0= 0.0231153
LM0= 0.0898682
WordPenalty0= -0.28903
PhrasePenalty0= 0.0500001
TranslationModel0= 0.0256255
TranslationModel0= 0.0320145
TranslationModel0= 0.030169
TranslationModel0= 0.06504
