LexicalReordering0= 0.0602357
LexicalReordering0= 0.0493539
LexicalReordering0= 0.126789
LexicalReordering0= 0.0735786
LexicalReordering0= -0.0207984
LexicalReordering0= 0.0506553
Distortion0= 0.0291436
LM0= 0.136514
WordPenalty0= -0.223283
PhrasePenalty0= 0.00629953
TranslationModel0= 0.065783
TranslationModel0= 0.0667432
TranslationModel0= 0.0372894
TranslationModel0= 0.0535328
