LexicalReordering0= 0.060212
LexicalReordering0= 0.0493345
LexicalReordering0= 0.126739
LexicalReordering0= 0.0739437
LexicalReordering0= -0.0207902
LexicalReordering0= 0.0506354
Distortion0= 0.0291321
LM0= 0.13646
WordPenalty0= -0.223195
PhrasePenalty0= 0.00629705
TranslationModel0= 0.0657571
TranslationModel0= 0.0667169
TranslationModel0= 0.0372747
TranslationModel0= 0.0535117
