LexicalReordering0= 0.00246103
LexicalReordering0= 0.0470568
LexicalReordering0= 0.242944
LexicalReordering0= 0.0640038
LexicalReordering0= -0.0196777
LexicalReordering0= 0.0443849
Distortion0= -0.0254622
LM0= 0.0746384
WordPenalty0= -0.176403
PhrasePenalty0= 0.154429
TranslationModel0= 0.0015808
TranslationModel0= 0.070247
TranslationModel0= 0.0306035
TranslationModel0= 0.0461085
