LexicalReordering0= 0.00818302
LexicalReordering0= 0.0805635
LexicalReordering0= 0.11443
LexicalReordering0= 0.0820976
LexicalReordering0= 0.0293047
LexicalReordering0= 0.041929
Distortion0= 0.0353012
LM0= 0.163762
WordPenalty0= -0.118987
PhrasePenalty0= 0.109487
TranslationModel0= 0.104963
TranslationModel0= 0.0516373
TranslationModel0= 0.042292
TranslationModel0= 0.017062
