LexicalReordering0= 0.0444324
LexicalReordering0= 0.091919
LexicalReordering0= 0.121593
LexicalReordering0= 0.0842919
LexicalReordering0= 0.00230856
LexicalReordering0= 0.0774301
Distortion0= 0.0119653
LM0= 0.0894781
WordPenalty0= -0.28571
PhrasePenalty0= -0.00433901
TranslationModel0= 0.0036896
TranslationModel0= 0.0655281
TranslationModel0= 0.0434747
TranslationModel0= 0.0738403
